2012    61
2011    62
2010    54
2009    55
2008    49
2007    47
2006    47
2005    37
2004    36
2003    35
2002    34
2001    30
2000    29
1999    26
1998    23
1997    23
1996    23
1995    22
1994    21
1993    17
1992    17
1991    13
1990    13
1989    10
1988    10
1987    10
1986    9
1985    8
1984    9
1983    10
1982    9
1981    9
1980    9
1979    8
1978    8
1977    7
1976    7
1975    6
1974    7
1973    7
1972    6
1971    5
1970    5
1969    5
1968    5
1967    5
1966    5
1965    5
1964    5
1963    5
1962    5
1961    5
1960    5
1959    5
1958    4
1957    4
1956    3
1955    4
1954    3
1953    1
1952    2
1951    2
1950    2
1949    2
1948    2
1947    2
1946    2
1945    2
1944    2
1943    2
1942    2
1941    2
1940    2
1939    1
1938    1
1937    1
1936    1
1935    1
1934    1
1933    1
1932    1
1931    1
1930    1
1929    1
1928    1
1927    1
1926    1
1925    1
1924    1
1923    2
1922    2
1921    2
1920    3
1919    4
1918    4
1917    4
1916    4
1915    4
1914    4
1913    4
1912    4
1911    5
1910    4
1909    5
1908    5
1907    5
1906    5
1905    6
1904    5
1903    7
1902    6
1901    7
1900    6
1899    7
1898    7
1897    8
1896    8
1895    8
1894    8
1893    8
1892    8
1891    8
1890    8
1889    9
1888    8
1887    11
1886    8
1885    9
1884    10
1883    9
1882    10
1881    11
1880    10
